%%% 3X3X4  numChannel=100 I0=1e11;
1.000000e-01      4.1397e-15       4.1397e-15      5.8656e-27        1.6320e-08     8.080000
1.000000e+01      2.3933e-15       2.3933e-15      9.0204e-28        1.9813e-08     9.050000
1.000000e+03      5.5923e-15       5.5923e-15      3.9247e-26        5.6208e-08     7.650000
1.000000e+05      2.9207e-14       2.9207e-14      1.5469e-25        8.2633e-08     9.780000
1.000000e+07      6.1823e-15       6.1810e-15      1.2542e-25        4.5593e-08     11.870000
1.000000e+09      5.4629e-15       5.3601e-15      1.0275e-25        2.5110e-08     5.790000
  1.0000e+10      2.3846e-14       1.9057e-14      4.7888e-25        4.2387e-08     9.660000
  1.0000e+12      2.6719e-14       2.6442e-14      2.7693e-28        9.9071e-08     35.450000
  1.0000e+14      2.1536e-07       2.1536e-07      1.2067e-26        2.9805e-04     143.130000
  1.0000e+16      5.3236e-01       5.3236e-01      2.4721e-23        1.6296e-01     108.880000
  1.0000e+18      8.4396e+00       8.4396e+00      2.0178e-24        1.1136e+00     34.650000
  1.0000e+20      1.5467e+02       1.5467e+02      1.2478e-28        8.6660e-01     11.020000
  1.0000e+28      2.2113e+05       2.2098e+05      1.5324e-26        1.2401e+00     2.450000
%%% 3X3X4 XRF+XTM full rank numChannel=8 I0=1;
  1.0000e-01      1.1233e-12       2.5151e-18      1.1233e-11        6.9076e-01     0.840000
  1.0000e+01      3.8333e-16       2.5146e-18      3.8081e-17        6.9074e-01     0.840000
  1.0000e+03      4.4077e-18       2.5165e-18      1.8912e-21        6.9082e-01     1.030000
  1.0000e+05      1.5323e-16       2.5037e-18      1.5073e-21        6.8891e-01     1.050000
  1.0000e+07      1.4149e-16       2.4454e-18      1.3905e-23        6.7610e-01     1.080000
  1.0000e+09      7.7856e-18       2.4157e-18      5.3699e-27        6.9655e-01     1.250000
  1.0000e+11      1.5709e-17       2.4148e-18      1.3295e-28        6.9749e-01     1.540000
  1.0000e+13      8.3663e-17       2.4148e-18      8.1248e-30        6.9750e-01     1.700000
  1.0000e+15      2.0860e-16       2.4148e-18      2.0619e-31        6.9750e-01     3.520000
  1.0000e+17      1.4296e-15       2.4148e-18      1.4272e-32        6.9750e-01     6.300000
  1.0000e+19      1.5228e-13       2.4148e-18      1.5228e-32        6.9750e-01     6.020000
%%% 3X3X4  numChannel=100 I0=1;
  1.0000e-01      3.2401e-14       7.5742e-18      3.2394e-13        6.9073e-01     0.900000
  1.0000e+01      1.6528e-15       7.5821e-18      1.6452e-16        6.9075e-01     0.950000
  1.0000e+03      9.7871e-18       7.5892e-18      2.1978e-21        6.9082e-01     0.950000
  1.0000e+05      1.5826e-16       7.5308e-18      1.5073e-21        6.8891e-01     1.210000
  1.0000e+07      1.4645e-16       7.3935e-18      1.3906e-23        6.7610e-01     1.220000
  1.0000e+09      1.2719e-17       7.3489e-18      5.3699e-27        6.9655e-01     1.380000
  1.0000e+11      2.0642e-17       7.3476e-18      1.3295e-28        6.9749e-01     1.560000
  1.0000e+13      8.8596e-17       7.3475e-18      8.1248e-30        6.9750e-01     1.870000
  1.0000e+15      2.1179e-16       7.3475e-18      2.0444e-31        6.9750e-01     3.670000
  1.0000e+17      1.3326e-15       7.3475e-18      1.3253e-32        6.9750e-01     7.660000
  1.0000e+19      1.4517e-13       7.3475e-18      1.4516e-32        6.9750e-01     6.220000
  1.0000e+22      1.2999e-10       7.3475e-18      1.2999e-32        6.9750e-01     8.500000
%%% 3X3X4  numChannel=100 NoLogscale;  
  1.0000e-01      1.5788e+03       1.5788e+03      1.3411e-07        3.1616e-01     6.990000
  1.0000e+01      2.9816e+05       2.9816e+05      1.0338e-07        6.9711e-01     2.080000
  1.0000e+03      2.9816e+05       2.9816e+05      1.6857e-07        6.9711e-01     2.130000
  1.0000e+05      2.9816e+05       2.9816e+05      1.4808e-07        6.9711e-01     2.140000
  1.0000e+07      2.9817e+05       2.9816e+05      9.8720e-08        6.9711e-01     2.350000
  1.0000e-06      1.8039e-06       1.8039e-06      7.0594e-07        5.2443e-05     42.610000
  1.0000e-04      1.9392e-02       1.9392e-02      4.7684e-07        2.1277e-03     49.150000
  1.0000e-02      1.8413e+01       1.8413e+01      1.8626e-07        5.5992e-02     21.710000
 %%%%%% no logscale angle=2;
  1.0000e-06      4.8544e-10       7.2878e-11      4.1256e-04        2.9351e-01     13.090000
  1.0000e-05      1.4932e-10       9.2110e-11      5.7205e-06        3.0010e-01     13.300000
  1.0000e-04      1.1062e-09       1.0371e-09      6.9085e-07        3.2697e-01     27.270000
  1.0000e-03      3.9413e-08       3.9176e-08      2.3649e-07        6.0978e-01     89.480000
  1.0000e-02      3.9211e-08       3.9190e-08      2.0132e-09        5.5823e-01     30.770000
  1.0000e-01      1.0821e-07       1.0821e-07      3.4265e-11        7.9042e-01     20.990000
  1.0000e+00      1.2834e-06       1.2834e-06      3.4249e-13        1.0571e+00     26.360000
  1.0000e+01      8.4004e-06       8.4004e-06      1.6227e-15        4.0773e-01     23.990000
  1.0000e+02      8.8970e-06       8.8970e-06      1.9541e-17        4.0842e-01     8.250000
  1.0000e+03      1.0957e-05       1.0957e-05      6.4253e-18        4.3693e-01     6.970000
  1.0000e+04      1.1228e-04       1.1228e-04      1.9090e-18        4.2728e-01     4.320000
%%%%
  1.0000e-06      1.8393e-13       1.8393e-13      2.2900e-18        5.3102e-05     3.920000
  1.0000e-05      6.4401e-15       6.4401e-15      2.6980e-19        1.2765e-06     4.390000
  1.0000e-04      1.4664e-14       1.4664e-14      1.8384e-19        6.5286e-06     4.570000
  1.0000e-03      2.1494e-12       2.1494e-12      4.5923e-17        2.3065e-04     4.250000
  1.0000e-02      9.0973e-14       9.0973e-14      3.9471e-19        1.9556e-05     3.680000
  1.0000e-01      1.1430e-14       1.1430e-14      5.2537e-19        2.2160e-06     4.390000
  1.0000e+00      1.4889e-12       1.4889e-12      8.8853e-19        1.4414e-04     4.220000
  1.0000e+01      4.4710e-15       4.4687e-15      2.2944e-19        2.0185e-06     4.500000
  1.0000e+02      6.4322e-15       6.4212e-15      1.1006e-19        3.5656e-06     4.740000
  1.0000e+03      1.2605e-13       1.2531e-13      7.3447e-19        4.5851e-05     3.750000
  1.0000e+04      4.5918e-14       4.4279e-14      1.6387e-19        1.1149e-05     4.470000
%%%%%  no logscale, angle=3;
  1.0000e-06      2.5891e-14       2.3822e-14      2.0689e-09        1.5906e-05     3.500000
  1.0000e-05      2.5330e-13       2.4701e-13      6.2872e-10        7.7108e-05     4.530000
  1.0000e-04      3.5267e-13       3.2419e-13      2.8487e-10        5.8787e-05     10.270000
  1.0000e-03      6.8371e-12       6.8291e-12      8.0238e-12        7.6569e-05     28.990000
  1.0000e-02      4.4284e-12       4.4268e-12      1.5871e-13        4.2943e-05     96.600000
  1.0000e-01      1.2409e-10       1.2406e-10      2.4108e-13        2.1903e-04     124.170000
  1.0000e+00      1.2858e-08       1.2857e-08      2.1197e-14        7.2964e-03     233.720000
  1.0000e+01      1.5717e-05       1.5716e-05      5.9806e-12        1.2984e-01     389.740000
  1.0000e+02      1.0136e-04       1.0136e-04      2.0951e-14        1.3695e-01     388.720000
  1.0000e+03      5.0956e-04       5.0956e-04      1.5814e-13        9.9267e-01     99.760000
  1.0000e+04      8.0585e-04       8.0585e-04      2.4487e-15        9.8154e-01     59.340000
