500       4.177036       14.165337
2000       21.831015       115.802491
8000       188.156469       827.827146
45       0.251734       0.530127
180       0.826032       2.839546
720       5.300025       19.910682
2880       28.790166       233.139460
11520       413.814198       2532.028789
45       0.050076       0.000000
180       0.385785       0.000000
720       2.316300       0.000000
2880       15.658155       0.000000
125       0.229241       0.000000
500       1.465347       0.000000
2000       9.458252       0.000000
