33      3.2134e-01       1.3657e+03      3.3041e-01       3.5830e-01      1.1984e+03       6.0944e-01       2.2337e-01      1.0710e+03       5.3229e-01
17      6.6190e-01       4.7048e+02      8.6639e+00       6.6812e-01      3.6760e+02       1.6610e+01       5.9979e-01      2.6326e+02       1.1525e+01
9      7.4785e-01       1.0129e+02      6.6771e+01       6.8331e-01      1.1311e+02       1.2389e+02       5.8545e-01      8.1390e+01       6.6088e+01
5      6.5477e-01       4.0210e+01      1.9862e+02       7.5830e-01      4.2570e+01       1.0555e+03       9.3614e+00      1.5000e+01       3.3087e+02
3      6.9132e-01       1.8550e+01      1.3817e+03       7.1008e-01      1.8520e+01       3.7580e+03       1.0961e+01      4.2000e+00       1.4134e+03
33      8.1960e-01       1.5367e+04      3.2385e-01       8.3830e-01      1.5276e+04       6.0196e-01       1.4074e-01      1.7560e+03       5.3229e-01
17      9.5605e-01       4.5048e+03      8.6471e+00       9.5701e-01      4.5756e+03       1.6080e+01       9.5672e-01      6.9615e+02       1.1525e+01
9      9.6885e-01       1.0457e+03      6.8178e+01       9.5935e-01      1.2339e+03       1.1915e+02       3.3020e+00      8.7470e+01       6.6088e+01
5      9.5492e-01       3.2407e+02      1.9810e+02       9.7030e-01      5.7311e+02       8.9414e+02       9.3612e+00      1.5000e+01       3.3087e+02
3      6.6058e-01       2.1970e+01      1.3816e+03       9.3609e-01      1.2761e+02       1.0265e+03       1.0961e+01      4.2100e+00       1.4134e+03
