x0=W(:)+5*10^(-1)*rand(prod(m)*size(M,1),1);
%%%%%%%%%%%%%%%%%%%%%%%%%%%%%%%%%%%%%%%%%%%%%%%%%%%%%%% bounds=[0,1]
 it     nf     cg           f             |g|
   0      1      0    5.37130074e+07   7.2e+07
   1      2      2    4.67710271e+07   6.7e+07
   2      3      4    2.57598216e+07   4.3e+07
   3      4      7    1.34122152e+07   3.5e+07
   4      5     10    9.87814368e+06   3.1e+07
   5      6     12    3.68811151e+06   1.1e+07
   6      7     16    2.15556724e+06   9.4e+06
   7      8     18    2.14733861e+06   9.3e+06
   8      9     21    5.43646958e+05   1.7e+06
   9     10     28    1.18662981e+05   3.3e+05
  10     11     34    8.56409930e+04   3.4e+05
  11     12     41    6.68699478e+04   2.9e+05
  12     13     47    2.59146975e+04   1.1e+05
  13     14     54    7.96537607e+03   9.0e+04
  14     15     61    3.08076823e+03   6.0e+04
  15     16     68    1.06526841e+03   3.5e+04
  16     17     71    1.04228243e+03   1.6e+04
  17     18     75    8.57235232e+02   1.3e+04
  18     19     78    3.80324176e+02   1.7e+04
  19     20     83    3.19974475e+01   2.0e+04
  20     21     88    3.81131572e+00   2.1e+04
  21     22     90    1.68897366e+00   4.2e+03
  22     23     92    1.28761764e+00   4.2e+03
  23     24     96    1.17407454e-01   3.0e+03
  24     25     98    7.75414919e-02   4.8e+02
  25     26    100    5.61892430e-02   1.5e+03
  26     27    105    5.16868901e-04   6.9e+01
  27     28    108    1.73572913e-04   4.7e+01
  28     29    110    1.63587394e-05   1.8e+01
  29     30    112    1.23932171e-06   1.3e+01
  30     31    115    4.01897817e-07   8.5e+00
  31     32    118    4.01897817e-07   8.5e+00
  32     33    120    5.71917007e-08   1.9e+00
  33     34    123    5.07787183e-09   4.7e-01
  34     35    126    3.36180940e-10   9.8e-02
  35     36    129    3.36180940e-10   9.8e-02
  36     37    132    2.97005398e-13   1.4e-03
  37     38    135    7.03246220e-14   1.9e-03
  38     39    138    8.63387737e-16   2.1e-04
  39     40    142    8.63387737e-16   2.1e-04
  40     41    145    1.44604799e-17   2.7e-05
  41     42    148    1.44604799e-17   2.7e-05
LMQNBC: termination 5
residule is 7.487630e-01, time elapsed is 5.063800e+02 
%%%%%%%%%%%%%%%%%%%%%%%%%%%%%%%%%%%%%%%%%%%%%%%%% bounds=[0,inf]
  it     nf     cg           f             |g|
   0      1      0    6.99233474e+07   7.2e+07
   1      2      3    6.37254931e+07   7.0e+07
   2      3      6    5.71474570e+07   6.8e+07
   3      4      9    4.52904169e+07   6.3e+07
   4      5     12    2.22318778e+07   5.0e+07
   5      6     15    1.58377198e+07   4.3e+07
   6      7     18    7.67485551e+06   3.1e+07
   7      8     21    7.05991339e+06   3.0e+07
   8      9     24    5.72176512e+06   2.8e+07
   9     10     26    2.00444350e+06   1.0e+07
  10     11     28    7.23275784e+05   1.4e+06
  11     12     31    4.33172634e+05   5.6e+05
  12     13     33    3.19622055e+05   5.8e+05
  13     14     35    3.08701770e+05   5.9e+05
  14     15     37    2.95539805e+05   5.9e+05
  15     16     41    2.72515463e+05   5.9e+05
  16     17     46    2.72252561e+05   5.9e+05
  17     18     51    2.46362056e+05   5.9e+05
  18     19     55    2.45248537e+05   5.9e+05
  19     20     57    2.30277832e+05   5.4e+05
  20     21     60    1.46814413e+05   4.7e+05
  21     22     68    1.23969008e+05   4.3e+05
  22     23     77    6.67272797e+04   4.4e+05
Error in Line Search
    ierror =   3
    alpha  =     0.000000
    alpha0 =     0.088767
    g'p    =   5.1051e+03
    |g|     =   5.4539e+05
    |p|     =   1.1827e+00
LMQNBC: termination 3
residule is 7.181498e-01, time elapsed is 3.611500e+02
%%%%%%%%%%%%%%%%% warm start
  it     nf     cg           f             |g|
   0      1      0    6.67272797e+04   4.4e+05
   1      2      5    2.25820278e+04   8.0e+04
   2      3      7    2.15240608e+04   7.9e+04
   3      4     14    4.95474009e+03   4.0e+04
   4      5     18    9.01828641e+01   2.9e+04
   5      6     20    9.01828641e+01   2.9e+04
   6      7     22    3.63420306e+01   2.1e+04
   7      8     25    3.63420306e+01   2.1e+04
   8      9     28    5.81131942e-01   4.4e+02
   9     10     30    5.17603072e-02   6.6e+02
  10     11     33    3.65511475e-03   1.6e+02
  11     12     35    6.18892593e-04   6.9e+01
  12     13     38    1.17597392e-04   1.4e+01
  13     14     41    7.05882767e-05   6.2e+01
  14     21     45    7.05816855e-05   6.2e+01
  15     22     48    6.80813312e-05   6.0e+01
  16     23     51    4.05013689e-05   4.6e+01
  17     24     55    1.17828618e-07   1.3e+00
  18     25     58    1.09198024e-08   7.5e-02
  19     26     61    2.17726532e-09   2.4e-02
  20     27     63    6.90358112e-10   1.4e-01
  21     28     66    2.07022134e-10   2.9e-02
  22     29     72    6.47070643e-12   2.0e-02
  23     30     75    1.91822562e-13   4.1e-03
  24     31     77    8.50056677e-17   7.8e-05
  25     32     80    3.24754962e-18   8.5e-06
  26     33     83    1.92334373e-19   2.1e-06
LMQNBC: termination 5
residule is 5.352867e-01, time elapsed is 3.058200e+02 