If single element, use reverse mode of AD, otherwise, use forward mode
m_x      m_y      Ne      Tensor      AdiMat(secs)
Number of angles is 1 =============
 5        5       1       0.193635      2.316696
10       10       1       0.483618      3.352679
20       20       1       7.711324      20.650408
40       40       1       43.911890      295.759373
10       10       2       1.739629      35.223946
20       20       2       16.197967      563.913147
40       40       2       119.428006      8839.254406
20       20       4       37.332138      1129.284628
Number of angles is 2 =============
 5        5       1       0.198030      2.304490
10       10       1       1.272278      9.250259
20       20       1       16.028315      38.162054
40       40       1       86.975281      521.684550
10       10       2       2.360553      69.492924
20       20       2       33.314572      1086.257282
40       40       2       214.165188      17436.166420
20       20       4       63.729197      2233.780828
